384
585
736
915
1480
1500
1501
1502
1585
1604
1626
2514
2632
2711
2802
2823
3351
3359
3385
3477
3507
3733
3795
3842
4290
4409
4788
5039
5313
5459
5832
5886
6509
6885
6903
6946
6973
7010
7037
7316
7329
7333
7340
7523
7544
7565
7631
7740
7861
7872
7962
8093
8110
8183
8324
8391
8408
8505
8515
8526
8583
8609
8614
8619
8649
8677
8745
8805
9042
9060
9488
9491
9492
9524
9532
9534
9535
9734
9795
9796
10393
10424
10574
10709
10806
11045
11411
12298
12794
12813
14145
14415
14962
15069
15146
15206
15211
15610
17112
18042
18174
18266
20157
20374
20709
21374
22037
22377
23873
24803
25578
25585
25598
25720
25736
26162
28267
28284
28683
34504
35366
36271
36427
36494
38405
40281
41685
41686
41883
43339
43511
43527
43616
43857
43885
43912
44188
44190
44236
44529
44882
45230
45415
45464
43861
43882
43883
43884
8600
20466
